5.558765060240962619e+00
6.017228308676520143e+00
9.011925298804779771e+00
9.460089507707600376e+00
1.245876561999999943e+01
1.260123373493970078e+01
1.559791620947630086e+01
1.582006021073758006e+01
1.883677021617292979e+01
1.966323384676935149e+01
2.265192496248123888e+01
2.289806360424019971e+01
2.589676975395070002e+01
2.616923374551256032e+01
2.916593356819324967e+01
3.002406676783003903e+01
3.302076827558580163e+01
3.323122987351936786e+01
3.623191608391599772e+01
3.643407203601800148e+01
6.225077086677359972e+01
6.628323080008000545e+01
7.933595429151850453e+01
7.958806919750099951e+01
8.439677280930399661e+01
8.483923052273179621e+01
8.783594785276069672e+01
8.829807575757570248e+01
9.129676459963870627e+01
9.143923172441409974e+01
9.443592785571139814e+01
9.465806039255150495e+01
9.766076947726810431e+01
9.848648985959430036e+01
1.014759193227091032e+02
1.017220878787878036e+02
1.047347694772681024e+02
1.050072321857485065e+02
1.080039163346612980e+02
1.088640689310688998e+02
1.118527721544299993e+02
1.120372281193671000e+02
1.150439251870324000e+02
1.152240743678730013e+02
1.441347747494899920e+02
1.481672288577154006e+02
1.640119157894735906e+02
1.642800721847929992e+02
1.702047714171330028e+02
1.706332346570389973e+02
1.736239452332656867e+02
1.741060781563126056e+02
1.770987704030478938e+02
1.772492329260965107e+02
1.802419190809189899e+02
1.804680577215100072e+02
1.834567680927619904e+02
1.842792253689667916e+02
1.872739310689310059e+02
1.875620872180450931e+02
1.905607689219031897e+02
1.908312287712286945e+02
1.938279192019899995e+02
1.946560809190808925e+02
1.976527692922830113e+02
1.978452276553105946e+02
2.008459122541603108e+02
2.010480724710618858e+02
