5.920771691323469810e+00
6.111223707842739827e+00
1.488993065326632959e+01
1.515806852035749053e+01
2.098677502001600104e+01
2.181322490520853918e+01
2.482992807192799845e+01
2.528805728643209960e+01
2.828676873747490106e+01
2.841323052273181915e+01
3.140993406593405979e+01
3.163208304498200008e+01
3.463476947726810096e+01
3.488522866894197705e+01
3.788193396698339654e+01
3.816805737292399670e+01
4.116477634754620141e+01
4.159722904580910097e+01
4.459194874371849693e+01
4.542207470119520707e+01
4.841877463103310220e+01
4.862722571600200183e+01
5.162793406593399936e+01
5.183008341608729808e+01
9.993677031375699471e+01
1.040032291332262986e+02
1.140379423660262006e+02
1.143080862667327011e+02
1.202647738190551934e+02
1.211072294199720005e+02
1.241119339669834005e+02
1.245800806772907947e+02
1.275687747494900037e+02
1.277072291332263063e+02
1.307079336683410133e+02
1.309100612557427041e+02
1.338987750200159894e+02
1.341312230446089018e+02
1.371279312748999928e+02
1.374140717131469955e+02
1.404127676523837920e+02
1.408592283938239120e+02
1.438559309654827132e+02
1.447160663316579985e+02
1.477267733546709110e+02
1.479372291459280007e+02
1.509379367787254864e+02
1.511400776892429860e+02
