1.121477655969700038e+01
1.144922559871200995e+01
1.444993987975951022e+01
1.490806593406592917e+01
1.790677067895050101e+01
1.804921135646686992e+01
2.104593376818860051e+01
2.127007192807189995e+01
2.427077131474102956e+01
2.511322579349135964e+01
2.812992785571141852e+01
2.838005677290836104e+01
3.138877629215724951e+01
3.183926985446985114e+01
3.483593951612900241e+01
3.566410184501840064e+01
3.866277455491089654e+01
3.887122765531059798e+01
4.187192585269399814e+01
4.207408019801899712e+01
7.479277114228449364e+01
7.882722277722270121e+01
9.357192552135049368e+01
9.385806934673360047e+01
1.004987754856799000e+02
1.007512283938238937e+02
1.037399287128712047e+02
1.042080472208558035e+02
1.071967762209767017e+02
1.073352181964573049e+02
1.103219313774240931e+02
1.105220606673406962e+02
1.135147776889243971e+02
1.143492223110754935e+02
1.173479312749000059e+02
1.176000391369794045e+02
1.205907660853877985e+02
1.210612279293700055e+02
1.240539312748999947e+02
1.249020683168316026e+02
1.279007743610223002e+02
1.280912259096361083e+02
1.310939251870323972e+02
1.312940571142283943e+02
1.464187757551509890e+02
1.467232205209782876e+02
1.557379397892619863e+02
1.560060626553953114e+02
1.818747750200159885e+02
1.859072166007904912e+02
1.986719344587883995e+02
1.989580575466929986e+02
2.038747740124319989e+02
2.041272231139645896e+02
2.071159457286431973e+02
2.075860607594935914e+02
2.105727705905985943e+02
2.107112201157453057e+02
2.137119201577131093e+02
2.139140773425799864e+02
2.169027740903638062e+02
2.177252507180959924e+02
2.207179283938338870e+02
2.209920602870813013e+02
2.239807764186884924e+02
2.244372209092728951e+02
2.274259307576517131e+02
2.283100687250990006e+02
2.313087701264805958e+02
2.315152255216692936e+02
2.345179281795510917e+02
2.347200634121790870e+02
2.483467712287711890e+02
2.485832245143199941e+02
2.515779279639799881e+02
2.520400714995033979e+02
2.550387752898840006e+02
2.551832298735193092e+02
2.581799403281949026e+02
2.583860600300100145e+02
2.613847724275723863e+02
2.622132271091559801e+02
2.651999458917835000e+02
2.654480571142283907e+02
2.684447750200159817e+02
2.688932274643639744e+02
2.718899281795510774e+02
2.727500541082163750e+02
2.757447752155600256e+02
2.759552245143199798e+02
2.789579277471140131e+02
2.791740627490038946e+02
2.876787740124319726e+02
2.879972242448488942e+02
3.000119431421439913e+02
3.002960655412114761e+02
