9.534774090363850263e+00
9.993231907237099421e+00
1.299391049229238959e+01
1.345209330024812999e+01
1.645076845906899976e+01
1.657723246492979996e+01
1.957589229249009932e+01
1.979606934673365970e+01
2.279876672694393847e+01
2.362523596861797870e+01
2.662592172604113827e+01
2.689209343936380847e+01
2.988677104108495897e+01
3.016122987351937113e+01
3.315791920199500709e+01
3.400209570794270064e+01
3.699877207061999940e+01
3.720723190723710161e+01
4.020791633466134840e+01
4.041009274790300054e+01
7.287677086677359739e+01
7.691122839382390453e+01
9.660191308691300094e+01
9.687208652411729304e+01
1.056187682755857935e+02
1.060632332730559995e+02
1.090599195630585001e+02
1.095200727272727050e+02
1.125187674698795064e+02
1.126632272999401039e+02
1.156579273827530017e+02
1.158820836653385982e+02
1.188827691999196929e+02
1.197252278455690941e+02
1.227219246231154983e+02
1.230080806772908062e+02
1.260047700299700040e+02
1.262772325301204006e+02
1.292919132169569991e+02
1.301340599400598990e+02
1.331227708667730099e+02
1.333072288577153870e+02
1.362999190809190111e+02
1.365100779220778975e+02
