5.226773626373620196e+00
5.669231168831167622e+00
8.665929584352069170e+00
9.128086138613859646e+00
1.212476984924622947e+01
1.226922765531059945e+01
1.526594219066929980e+01
1.548807139315814929e+01
1.848477655969702838e+01
1.933123483483483085e+01
2.232791944306314846e+01
2.261406021073749883e+01
2.561278207171314136e+01
2.585122950819672027e+01
2.884193019726849982e+01
2.969205728643209952e+01
3.268877234468936877e+01
3.288121830427891723e+01
3.588393696848419978e+01
3.610008404202100252e+01
4.466877234468930169e+01
4.511322497998389736e+01
4.812792462311556818e+01
4.858610969637599908e+01
5.158476975395078767e+01
5.171121418719209828e+01
5.470993106893099878e+01
5.493007203601799660e+01
5.793277521556044718e+01
5.875923327305604715e+01
6.176189094547272873e+01
6.200807010710799716e+01
6.500676846506070206e+01
6.527922497998000040e+01
6.827392738275300132e+01
6.913406573705100300e+01
7.214477215443000091e+01
7.235722645290499599e+01
7.535791920199500282e+01
7.556007481296749972e+01
1.230727716061760049e+02
1.271072287712287050e+02
1.406679251870324094e+02
1.409520829220138012e+02
1.462527720485765030e+02
1.467132287712286995e+02
1.497059223107569039e+02
1.501700893743793017e+02
1.531687615012106107e+02
1.533132294094012877e+02
1.563079338677353860e+02
1.565320834160870049e+02
1.595327679967915913e+02
1.603592293210494120e+02
1.633539221945137001e+02
1.636420807979999950e+02
1.666407713310499901e+02
1.668792280351437114e+02
1.698718930848455102e+02
1.707360779220778966e+02
1.737307757551510008e+02
1.739412267569180983e+02
1.769399254102436032e+02
1.771440600300149981e+02
2.145967727000590060e+02
2.186312241205999953e+02
2.338859304435482898e+02
2.341540720360100067e+02
2.417687850059500079e+02
2.422292301507536934e+02
2.452239278557113948e+02
2.456860747011951958e+02
2.486847741678292891e+02
2.488272295969520087e+02
2.518239369684841904e+02
2.520460579990333088e+02
2.550487721544307931e+02
2.558892271091563089e+02
2.589059130869130172e+02
2.591560690345172020e+02
2.621647752898840054e+02
2.624412371756180278e+02
2.654399132169569953e+02
2.662980689310688831e+02
2.692947718806320268e+02
2.695032295081966822e+02
2.725039338677349861e+02
2.727060979431929013e+02
2.886127768265976101e+02
2.887552283086760099e+02
2.978359194430630055e+02
2.980900776892399904e+02
3.196167642471505133e+02
3.236512287712279772e+02
3.359219337681880120e+02
3.362080834160869927e+02
3.411587760891590051e+02
3.416332352231603977e+02
3.446339251870323892e+02
3.450760659340600114e+02
3.480927633955448073e+02
3.482172250996010234e+02
3.512179281795511088e+02
3.514200486075948788e+02
3.544067702161729017e+02
3.552472202581919873e+02
3.582639429714856760e+02
3.585140748129670101e+02
3.615087743610222901e+02
3.617672084972462017e+02
3.647559132169570262e+02
3.655920747011949743e+02
3.685867712287709992e+02
3.687832281193669814e+02
3.717819141164856092e+02
3.719860726172460090e+02
3.809827728908435915e+02
3.811272286689418820e+02
3.862499184289999903e+02
3.865180700152200188e+02
4.277667692922830156e+02
4.279592350453169729e+02
