1.230877467336683040e+01
1.257722625978709985e+01
1.557393696848424014e+01
1.603604846037350029e+01
1.903277502001600041e+01
1.917722525050099946e+01
2.217193658782083077e+01
2.239604915514589933e+01
2.538477381905524055e+01
2.620722431781700834e+01
2.920193106893099966e+01
2.949007203601799887e+01
3.248877188063279675e+01
3.293522497998397824e+01
3.593193396698340081e+01
3.679206021073750321e+01
3.978677695539106907e+01
3.999722672552159963e+01
4.299992881858624827e+01
4.320008304498269780e+01
8.104476709013910352e+01
8.509522390438239370e+01
9.592795168595870337e+01
9.621206872509900165e+01
1.011767835341365043e+02
1.014132247101158981e+02
1.044079394245329979e+02
1.048720603925515036e+02
1.078707730012052934e+02
1.080132267255216050e+02
1.110099313774240954e+02
1.112320658354114045e+02
1.142347737402120060e+02
1.150752037765538063e+02
1.180779340659340022e+02
1.183420664100095934e+02
1.213387776889243952e+02
1.217872236524537044e+02
1.247859310689310064e+02
1.256280655412114982e+02
1.286207730823151962e+02
1.288332285828660133e+02
1.318339396074484000e+02
1.320360639844880097e+02
1.616347792937399106e+02
1.656672213771009865e+02
1.816859396984924047e+02
1.819560632212744054e+02
1.869367709541907914e+02
1.871892253689667882e+02
1.901919343610144040e+02
1.906620484603735122e+02
1.936507818583181972e+02
1.937892247844395115e+02
1.967859363957589949e+02
1.970080743678730073e+02
2.000087769553909993e+02
2.008512222443690973e+02
2.038479488208730004e+02
2.041340887136520053e+02
2.071307752155603907e+02
2.075632263736262928e+02
2.105599338677353956e+02
2.114200748129674992e+02
2.144287814940917087e+02
2.146252280351436923e+02
2.176259359756097069e+02
2.178280690345171990e+02
