1.157677280930418995e+01
1.203522598756767081e+01
1.502393706293706011e+01
1.549406633165829028e+01
1.851076606060605911e+01
1.863522324281149878e+01
2.163593677872550103e+01
2.183807481296758013e+01
2.482677354709418083e+01
2.568322602467170057e+01
2.867592529880477059e+01
2.895005418966382038e+01
3.193877207062600121e+01
3.217122795142344671e+01
3.516792727272719787e+01
3.604407160616607797e+01
3.903277300120500115e+01
3.921722277722270178e+01
4.220992300098709649e+01
4.242006633165819807e+01
6.906476403138199771e+01
7.309922317340229370e+01
9.186393366834170138e+01
9.215007292173059739e+01
9.751677389742559399e+01
9.797522839382389748e+01
1.009678783717507997e+02
1.014500803173029055e+02
1.044587720706200002e+02
1.046072323476161046e+02
1.076039426270699977e+02
1.078260630315157016e+02
1.108267732744782990e+02
1.116532262948206977e+02
1.146539254102436018e+02
1.149040635080644961e+02
1.178987740903638013e+02
1.181573561643835006e+02
1.211479341645885057e+02
1.219840689310689044e+02
1.249787762209766981e+02
1.251892243178169934e+02
1.281879167079821116e+02
1.283920632212744124e+02
1.656967738190552097e+02
1.697312263736262992e+02
1.838679223107569101e+02
1.841360747011950139e+02
1.894547698492461905e+02
1.898972273819049974e+02
1.928959456467034954e+02
1.933560766584766100e+02
1.963547736263735999e+02
1.964812276553105903e+02
1.994779254102436141e+02
1.996840605754669014e+02
2.026847698492462087e+02
2.035112366504853867e+02
2.065019288185862081e+02
2.067460834160870036e+02
2.097607725356349988e+02
2.100312585605904871e+02
2.130359045745200035e+02
2.138720717131473918e+02
2.168667721544300093e+02
2.170632290458090949e+02
2.200619477726573905e+02
2.202660748129675028e+02
2.698627723446890059e+02
2.739132178748757838e+02
2.849879310689310046e+02
2.852400690345172052e+02
2.900947752898840122e+02
2.905212329921729975e+02
2.935159019127020201e+02
2.939800717131470265e+02
2.969787774219374796e+02
2.971052259875669961e+02
3.001019340659299814e+02
3.003080602107374943e+02
3.033067740903637741e+02
3.041352271906957867e+02
3.071239336683416923e+02
3.073700748129670046e+02
3.103687712287709815e+02
3.106392327272719740e+02
3.136359220779219754e+02
3.144800811623246091e+02
3.174767774219370153e+02
3.176872271091560265e+02
3.206879369684839958e+02
3.208900716061659750e+02
