2.037678420422815861e+01
2.061321673306769853e+01
2.360993127490039001e+01
2.389605451792024127e+01
2.689278059581319980e+01
2.703722811936711068e+01
3.003192265741198952e+01
3.032006274900398068e+01
3.331877215443080331e+01
3.416322483087940043e+01
3.715991920199500242e+01
3.744606862257580104e+01
4.044277474948999895e+01
4.089122680619839656e+01
4.388795456839900311e+01
4.415805994005989987e+01
6.232877762181669823e+01
6.252122571600239809e+01
6.894994219066930441e+01
6.922006872509899722e+01
1.104147776889244028e+02
1.144652220447284066e+02
1.284899674796747888e+02
1.287600807979999900e+02
1.342687800879639894e+02
1.345212267255215863e+02
1.375099246231154950e+02
1.377560716061659889e+02
1.407547742839969942e+02
1.408812240480959872e+02
1.438779400599399878e+02
1.441640628428926902e+02
1.471627736263735926e+02
1.479912267255216136e+02
1.509799309654827084e+02
1.512580809190808964e+02
1.542627742839970040e+02
1.547192249799838919e+02
1.577079141164855969e+02
1.579540603015074964e+02
1.959607786228982889e+02
2.000432250552090068e+02
2.294819338677353926e+02
2.297520691382765108e+02
