3.191936968484241799e+00
3.444068725099600936e+00
8.186772427572419630e+00
8.645224710115950728e+00
1.163993396698348981e+01
1.210407481296750021e+01
1.510277354709418063e+01
1.522923025009924025e+01
1.822593396698340129e+01
1.843206284289275843e+01
2.143277648940422964e+01
2.225922820409802938e+01
2.524794262707598946e+01
2.549406303151575059e+01
2.849277575515100125e+01
2.876322471011594928e+01
3.175994288577154023e+01
3.263606623181129862e+01
3.563277509479144811e+01
3.584122517482516912e+01
3.884192496248120108e+01
3.904405745967739705e+01
5.096077447833059892e+01
5.116922598756760010e+01
5.670392839383389827e+01
5.697406256206549813e+01
8.438877122877120485e+01
8.843923281061499608e+01
1.005339276381909031e+02
1.007860547667341962e+02
1.058187725099600982e+02
1.062772245143199967e+02
1.092739223107569018e+02
1.097200663316582023e+02
1.127107738190552055e+02
1.128612234403028936e+02
1.158539225422045007e+02
1.160640660330160046e+02
1.190627734343837005e+02
1.199072099545719965e+02
1.229039313774241009e+02
1.231900741473059071e+02
1.261887737402127954e+02
1.264592302114803033e+02
1.294659397892623929e+02
1.303000748129674946e+02
1.332947746310329933e+02
1.335052245881799990e+02
1.365059338677353935e+02
1.367080607228915028e+02
1.519147772227771895e+02
1.521052271906949898e+02
1.589999460539459903e+02
1.592681757656449975e+02
1.932607742839969944e+02
1.973112287712287127e+02
2.112899335681931916e+02
2.115580534653464895e+02
2.259567757551509999e+02
2.264152269987945942e+02
2.294079340659340005e+02
2.298900769990127912e+02
2.328827720706200068e+02
2.330312254450890066e+02
2.360259395161290001e+02
2.362500635080644997e+02
2.392527778890446086e+02
2.400772182436487014e+02
2.430799218436872877e+02
2.433440604838708907e+02
2.463387786228979905e+02
2.466132234403029031e+02
2.496099397892623983e+02
2.504700692423481883e+02
2.534647723446892940e+02
2.536752224432948140e+02
2.566759305485655887e+02
2.568780774577949728e+02
