5.228769753950789578e+00
5.373229321049460161e+00
1.060794227848101023e+01
1.087607526342197062e+01
1.576276919991978964e+01
1.622122719069579944e+01
1.921593677872553840e+01
1.968007225288508977e+01
2.267677261809447131e+01
2.282123653962491971e+01
2.581792109256448953e+01
2.604007633587785975e+01
2.904276920015917085e+01
2.988321088972179851e+01
3.289993386773539896e+01
3.316606913827649805e+01
3.616877012648061651e+01
3.640523246492980292e+01
3.939993386773539896e+01
4.026007606045830300e+01
4.325677049180320211e+01
4.346723190723709962e+01
4.646790415019759735e+01
4.667006030150749751e+01
5.728278008796480236e+01
5.772323080008020213e+01
6.072191670798210339e+01
6.118206623181129800e+01
6.418076947726810033e+01
6.432322637362629791e+01
6.731992541024359866e+01
6.754406913827649817e+01
7.055895738848739995e+01
7.138721788617880293e+01
7.437591920199500350e+01
7.462208067729079630e+01
7.762077076677310572e+01
7.785922699879400000e+01
8.084992447129900484e+01
8.170007160616600572e+01
8.469877177596170270e+01
8.490522950819669745e+01
8.790591908091900564e+01
8.810807214428849932e+01
1.130947716061759962e+02
1.171272314462892012e+02
1.302599369684841975e+02
1.305280745341613908e+02
1.358467731629392858e+02
1.362892293210493904e+02
1.392879214501510035e+02
1.397480804369409952e+02
1.427447679324893954e+02
1.428892295081959958e+02
1.458839264931079924e+02
1.461080776892430038e+02
1.491107712287711990e+02
1.499512291332262919e+02
1.529679192019949880e+02
1.532180606673406942e+02
1.562267751407883907e+02
1.564872300601201971e+02
1.594759417177913861e+02
1.603120719280719015e+02
1.633067716913234051e+02
1.635032343062773919e+02
1.665019312749003859e+02
1.667060744786494126e+02
