1.357076919991978947e+01
1.443322895891503066e+01
1.998591920199501004e+01
2.025608067729082862e+01
2.861677270005980134e+01
2.906322710915632967e+01
3.838194254032249830e+01
3.865206676783000006e+01
4.648476855371073668e+01
4.673922830867650191e+01
5.232590697674417868e+01
5.259607236180900003e+01
6.050877040304791876e+01
6.069921979332269757e+01
6.602991278195480618e+01
6.628407033639139456e+01
9.235677021617290450e+01
9.640522877122870682e+01
1.105139218436872994e+02
1.107980831683167935e+02
1.209147711422844935e+02
1.211072315409308970e+02
1.271699163346612949e+02
1.274400755287000067e+02
1.377027710552762869e+02
1.381652342995159870e+02
1.435739133466134945e+02
1.438420708661417109e+02
1.631367716061760120e+02
1.671872301555640092e+02
1.983599193227090893e+02
1.986140665322579935e+02
2.076607639225181003e+02
2.081252269176846994e+02
2.160239311720698083e+02
2.162760834160870047e+02
2.312307700299699889e+02
2.314377715442450096e+02
2.407739244712990114e+02
2.410440638297872056e+02
