5.440767172523959694e+00
5.885229970029899782e+00
8.881915662650600396e+00
9.342088976767170649e+00
1.234076569372250987e+01
1.248523402555909989e+01
1.547993282442740082e+01
1.570409049773754973e+01
1.870276793248945069e+01
1.953122721846390064e+01
2.251991578947367856e+01
2.276608691308690879e+01
2.576276615323063979e+01
2.603523448413490016e+01
2.903191049229238985e+01
2.989208950770759898e+01
3.290876929228299730e+01
3.309723236763235832e+01
3.608592121212120674e+01
3.628409330024810231e+01
7.539476661329059937e+01
7.942721178781920344e+01
9.431590133201770243e+01
9.458607827395880463e+01
9.983877215443079933e+01
1.002812333867093031e+02
1.032779011857707019e+02
1.037400815709969066e+02
1.067387771609833038e+02
1.068652290458091016e+02
1.098619184290029978e+02
1.100680699088144934e+02
1.130687684590690054e+02
1.138972351172579067e+02
1.168879134758825984e+02
1.171620781853279993e+02
1.201507725099601060e+02
1.203852334536701960e+02
1.233799103585656951e+02
1.242420801980189964e+02
1.272367698492462011e+02
1.274472328274760002e+02
1.304479218436873111e+02
1.306500897755610140e+02
1.882207676523838131e+02
1.922872273819054953e+02
2.031659334677418940e+02
2.034360844645549946e+02
2.087687703053281894e+02
2.092272312625250095e+02
2.122219248496990076e+02
2.127020781563126093e+02
2.156967679105960087e+02
2.158432364294330057e+02
2.188379213313160960e+02
2.190620807980048994e+02
2.220627656937224970e+02
2.228892362537764029e+02
2.258799246231154996e+02
2.261240752634199964e+02
2.291227644927535891e+02
2.293612274643639921e+02
2.323539331306990050e+02
2.332020722528849888e+02
2.362027669922264010e+02
2.363932315409309126e+02
2.393939250749249936e+02
2.396120865241173021e+02
