1.341076947726817004e+01
1.385522866894189953e+01
1.687193356819324919e+01
1.732808379052359982e+01
2.032876956869009177e+01
2.045522710915632913e+01
2.345191732283463892e+01
2.367409542547958168e+01
2.667477095419083000e+01
2.751723226197695027e+01
3.051192541024359883e+01
3.080006882793016842e+01
3.379876846506069654e+01
3.403723282747599654e+01
3.702793106893099662e+01
3.787806593406590139e+01
4.087476947726816690e+01
4.108322784556909824e+01
4.408393127490000296e+01
4.428608814589664888e+01
5.610677416782930038e+01
5.625122602467170196e+01
6.170793117206979872e+01
6.197609330024810248e+01
9.204277548567989697e+01
9.607722311396460668e+01
1.189219190809189968e+02
1.191920779220778996e+02
1.314687608695651875e+02
1.319272326465290064e+02
1.349219017644252858e+02
1.354020720360178984e+02
1.384107685537107102e+02
1.385752252932987858e+02
1.415759250749250100e+02
1.417940747011951999e+02
1.447907749447900017e+02
1.456372278455691003e+02
1.486339219609803877e+02
1.489201305182340889e+02
1.519167717959018944e+02
1.521892363636362973e+02
1.551859283938339047e+02
1.560140800790904052e+02
1.590127699398796892e+02
1.592192321857484956e+02
1.622199283938338965e+02
1.624220636042400088e+02
2.118227757551510138e+02
2.158732293210493935e+02
2.301079516859587102e+02
2.303920453629031897e+02
2.356947704030478974e+02
2.361392215139441930e+02
2.391399310689309914e+02
2.395980669710806126e+02
2.425947762921572064e+02
2.427232269987939901e+02
2.457199196826969967e+02
2.459420852523269900e+02
2.489447710410848913e+02
2.497692261025742937e+02
2.527719513184580080e+02
2.530360693467335977e+02
2.560307700299699718e+02
2.563052304313089849e+02
2.593019163346613141e+02
2.601460605754668904e+02
2.631427791533545815e+02
2.633512296862429025e+02
2.663499194430630155e+02
2.665541069151540228e+02
2.753007644230768847e+02
2.757432293210490002e+02
2.787439218436870192e+02
2.792020836653385913e+02
2.822007770243317850e+02
2.823272303370779923e+02
2.853259308617234069e+02
2.855460724710609952e+02
2.885467706789499971e+02
2.893732271091562893e+02
2.923839340659339996e+02
2.926720891089108818e+02
2.956687700299700055e+02
2.959412271091562729e+02
2.989379219609800202e+02
2.997820690345171784e+02
3.027727682755850083e+02
3.029872257160020013e+02
3.059879275289379734e+02
3.061900835405269845e+02
3.183927679324893916e+02
3.185532275724274882e+02
3.281119223107500034e+02
3.283660803173028739e+02
3.587187714171329844e+02
3.627512270281043811e+02
3.753259427135669739e+02
3.755940652496291818e+02
3.817087852175640137e+02
3.821692310780960042e+02
3.851639277471139735e+02
3.856260748129674880e+02
3.886247746733668009e+02
3.887512265656162072e+02
3.917499336683409865e+02
3.919720755286999747e+02
3.949727723446893037e+02
3.958152289447235717e+02
3.988319195630580225e+02
3.990800756302519972e+02
4.020907726180943769e+02
4.023512275724274900e+02
4.053399368737469786e+02
4.061740751503004958e+02
4.091687721544299734e+02
4.093812241723169905e+02
4.123799336683409820e+02
4.125840861386129745e+02
