1.195876966292133936e+01
1.241722904580915987e+01
1.541191645947199973e+01
1.587608446455504918e+01
1.887277215443087997e+01
1.901722664532906037e+01
2.201392807192799950e+01
2.223608091908090145e+01
2.525276938409400174e+01
2.607923052273181952e+01
2.907593117206981859e+01
2.936209330024813013e+01
3.236077122877119905e+01
3.263123080008020338e+01
3.562791620947629667e+01
3.650406924234820849e+01
3.950277040304791853e+01
3.969322552166929796e+01
4.268195139240499714e+01
4.288007564296520258e+01
6.510677362637359522e+01
6.915722458818800078e+01
8.406391956305850499e+01
8.434806924234820258e+01
8.952277002997000466e+01
8.998123070771690379e+01
9.298790609390600537e+01
9.345608132530119860e+01
9.644477002997000170e+01
9.658123557692300665e+01
9.956993376818860497e+01
9.976807225288500547e+01
1.027607685537107045e+02
1.035952320675104943e+02
1.065959336683417007e+02
1.068460863952333000e+02
1.098547719648561980e+02
1.101312290458091070e+02
1.131299159579788949e+02
1.139720840420209953e+02
1.169687716061760057e+02
1.171772317244140993e+02
1.201779279639819009e+02
1.203800893743792955e+02
1.450107658037325962e+02
1.490452297838270113e+02
1.625919368737469881e+02
1.628620837905235987e+02
1.679067706789504939e+02
1.683512266453290067e+02
1.713499306532660000e+02
1.718080665322580103e+02
1.748067660853878067e+02
1.749332219788969951e+02
1.779319276381908992e+02
1.781540865241173037e+02
1.811547740124320001e+02
1.820432168080488964e+02
1.850419308617233867e+02
1.853260747011950116e+02
1.883227711422844948e+02
1.885952219101122864e+02
1.915939278557113994e+02
1.924360811623245979e+02
1.954327688311688007e+02
1.956257397959182924e+02
1.986259367787255030e+02
1.988300603925509904e+02
