6.186775020016010096e+00
6.645220520978324608e+00
9.639918305597500847e+00
1.010409316154608028e+01
1.310076763236762964e+01
1.324523080008020059e+01
1.623991089108909947e+01
1.646408937437934128e+01
1.946676753507010105e+01
2.030722969467171879e+01
2.332192473657801912e+01
2.357408132530120071e+01
2.656676616314198824e+01
2.682723015556440060e+01
2.981592738275340082e+01
3.065210738916255906e+01
3.364477381905523856e+01
3.385723080008020247e+01
3.684589572060990292e+01
3.704409288537539879e+01
1.413807662650602026e+02
1.453992309847878062e+02
1.577959217260410867e+02
1.580660784313724889e+02
1.647087679105960092e+02
1.651512406738860079e+02
1.681499193227091098e+02
1.686100686225757954e+02
1.716067684590690021e+02
1.717512332867690930e+02
1.747479215686273903e+02
1.749700839160838939e+02
1.779867696629212901e+02
1.788132316293929023e+02
1.818139371571072047e+02
1.820640958498022997e+02
1.850587661532306072e+02
1.853332322709163122e+02
1.883299215686274124e+02
1.891900726172464999e+02
1.921907729718955125e+02
1.923792288577153897e+02
1.953679042920572044e+02
1.955660931615460072e+02
