5.058770403047920361e+00
5.499234025559104566e+00
8.497902365374930156e+00
8.958072727272719860e+00
1.195477332274711912e+01
1.209923780854905928e+01
1.509392184368737055e+01
1.531808950770759914e+01
1.830876855371073830e+01
1.912923206751053939e+01
2.212390357852882161e+01
2.241207854984893899e+01
2.540876858006042127e+01
2.568123734939758052e+01
2.867791360476662987e+01
2.952208708708707974e+01
3.251876477683949673e+01
3.272722310440649807e+01
3.571592172604113813e+01
3.591407515030059727e+01
6.724676827558579362e+01
7.126523568414700094e+01
8.695390103908950152e+01
8.723807526342190499e+01
9.196476654632969883e+01
9.240923052273180360e+01
9.540791944306309347e+01
9.586607854984889343e+01
9.886476883116880288e+01
9.899123345367020477e+01
1.019899129129128994e+02
1.022100747011951967e+02
1.052267661532305993e+02
1.060552340168877947e+02
1.090439192019949957e+02
1.092900865241172994e+02
1.122867660853877965e+02
1.125272297838269964e+02
1.155179217260410951e+02
1.163680992555831040e+02
1.193667644552647005e+02
1.195572319072370959e+02
1.225599242424242021e+02
1.227600779220778975e+02
1.355727635705669059e+02
1.357632329260964923e+02
1.436459300911849937e+02
1.439140844645550033e+02
1.694467712287712118e+02
1.734792370012090998e+02
