7.316778220981250414e+00
7.747224979983980298e+00
1.256593715710723025e+01
1.282006872509960083e+01
2.038277655969699964e+01
2.063922070626002991e+01
3.431193445878840009e+01
3.458006075949359825e+01
4.496877862289829864e+01
4.516122257806240015e+01
4.999394297148573685e+01
5.026405125628139814e+01
5.774677742193750163e+01
5.789122478443953668e+01
6.282194556451612755e+01
6.309006293706290336e+01
7.063877795527149317e+01
7.078322204472840440e+01
7.777194014962590529e+01
7.804006003001499892e+01
8.429677595190379691e+01
8.514130384860719403e+01
9.450794572864319321e+01
9.477805985037400660e+01
1.238607759519029941e+02
1.278952250552089964e+02
1.390659368737470061e+02
1.393360713931581074e+02
1.459727731629390064e+02
1.464352267255216020e+02
1.535519399699848861e+02
1.538040566037734891e+02
1.687107764186879990e+02
1.689832181416817036e+02
1.751899456467035066e+02
1.754420633165829031e+02
1.835647752898840110e+02
1.837552235105956981e+02
1.897879400599400128e+02
1.900400603925515099e+02
1.978287770243317993e+02
1.979892240480959913e+02
2.044979458917835018e+02
2.047820563380280987e+02
2.124107808764939875e+02
2.132552210822771883e+02
2.193519402390438131e+02
2.196360595829195006e+02
2.284267806542243022e+02
2.287312223110754985e+02
2.346339519038070023e+02
2.349020627490039033e+02
2.421147762209766938e+02
2.422592257934913107e+02
2.491339430569429965e+02
2.494040479520479039e+02
2.970467760239699828e+02
3.010812225780624090e+02
3.201379370629369987e+02
3.204060579150578860e+02
3.279047771543080216e+02
3.283672235813110092e+02
3.353879428857709968e+02
3.356580654437282760e+02
3.473527785585222887e+02
3.476072221109549787e+02
3.540219455645159883e+02
3.542920742574249857e+02
3.619347737402119947e+02
3.620772243679069788e+02
3.686039425403220093e+02
3.688720513336680256e+02
3.760227776218159761e+02
3.762132216432864880e+02
3.830279460539459819e+02
3.832960566882147759e+02
3.911647800879640045e+02
3.913092209092699818e+02
3.968619433117850122e+02
3.971160657370517129e+02
4.067207737402119960e+02
4.075653459174714044e+02
4.142979317844780098e+02
4.145680713931581067e+02
