6.884777222777220373e+00
7.029221377101680268e+00
1.238992585269400060e+01
1.266006893106892939e+01
2.132477762181672176e+01
2.157922070625999922e+01
2.622192288680169980e+01
2.649004824120600077e+01
3.438876938529499938e+01
3.481923401688779762e+01
3.963794912718199726e+01
3.990806573705170024e+01
4.822077935587110176e+01
4.908321964856229869e+01
5.423593356819319666e+01
5.450406544372830098e+01
1.513507772227771966e+02
1.554312201157453046e+02
1.667119487437184944e+02
1.669980570285142107e+02
1.757907829565909879e+02
1.759332204408817120e+02
1.808319374379344140e+02
1.811020625620654982e+02
1.895747754856799077e+02
1.898452179820179140e+02
1.946319490509490038e+02
1.949000505701530130e+02
2.040587777107220973e+02
2.045072200803209910e+02
2.095179517587939131e+02
2.097700570285142021e+02
2.179727738190551918e+02
2.188192241206029962e+02
2.238279397892623876e+02
2.240980537046239931e+02
2.653267766873619848e+02
2.693592061550600079e+02
2.823339427997989901e+02
2.826180507210340238e+02
2.907067812874799984e+02
2.908492040292309753e+02
2.956859428857709986e+02
2.959540657370509962e+02
3.043787759519029805e+02
3.046352302391559874e+02
3.093739459729860073e+02
3.096440682155209743e+02
3.173987815953385052e+02
3.178292235105956820e+02
3.225199428857710018e+02
3.227900744786493874e+02
3.303687783567133920e+02
3.312292216432865075e+02
3.386019396074480028e+02
3.388700775733460091e+02
3.466246384306729738e+02
3.468312259096360890e+02
3.538699370629370264e+02
3.541400683168309911e+02
