7.052780028072988650e+00
7.497216465863449919e+00
1.049593513513513088e+01
1.095405940594059047e+01
1.395278212066546075e+01
1.408121850590826973e+01
1.707794621513939859e+01
1.730005087281794829e+01
2.031678274760383118e+01
2.114322131311115172e+01
2.413194331178517871e+01
2.437803634528010122e+01
2.737678295659129901e+01
2.761522317340229904e+01
3.060593178447799900e+01
3.145606862257579905e+01
3.445477909072700129e+01
3.466121316051840040e+01
3.766192871287120170e+01
3.786405087281794835e+01
6.917077670294230529e+01
7.320522217758130523e+01
8.469195778894470550e+01
8.496006274900389599e+01
9.070878055611119350e+01
9.115322117505509425e+01
9.415392607195660446e+01
9.461005427135670232e+01
9.760877868688879744e+01
9.775322485921149962e+01
1.007559575328614017e+02
1.009560511791269022e+02
1.039487806542242936e+02
1.047992178793345062e+02
1.077939464551313051e+02
1.080820566037734949e+02
1.110787766171152953e+02
1.113512201761408988e+02
1.143479521912349952e+02
1.152080595829195033e+02
1.182027777107221027e+02
1.184132185059082047e+02
1.214299309654826970e+02
1.216320659340659063e+02
1.550427798238590071e+02
1.590932187125148971e+02
1.717939404170803925e+02
1.720620441392838984e+02
1.819587796203796017e+02
1.823872215784209914e+02
1.853839397892620013e+02
1.858460537848604872e+02
1.888427777107220038e+02
1.889712211750550921e+02
1.919679488977949973e+02
1.921740543532964125e+02
1.951747798238590121e+02
1.960012318840578871e+02
1.989899399699799858e+02
1.992360456389451997e+02
2.022347822257806058e+02
2.025052204408816863e+02
2.055019286068418012e+02
2.063620421475160072e+02
2.093587759628956917e+02
2.095672194438886891e+02
2.125699519038070093e+02
2.127720512562810029e+02
