5.916772535635409724e+00
6.375212145266909936e+00
9.369916583912599961e+00
9.850068725099600186e+00
1.286077207062600003e+01
1.300922505520978945e+01
1.600392219451370934e+01
1.622806613226450168e+01
1.923077059059863103e+01
2.005523070771690897e+01
2.307193639575971034e+01
2.332206924234820988e+01
2.632877335467092905e+01
2.656122803514369934e+01
2.955994254032249913e+01
3.040206882793016874e+01
3.338877141713369667e+01
3.357522866894189661e+01
3.658190711462449940e+01
3.677808485562756857e+01
5.358077280930410069e+01
5.402522757242756768e+01
5.701992839383390788e+01
5.748207526342196871e+01
6.048277381905519690e+01
6.060923264652929987e+01
6.360590054699149931e+01
6.381207160616607865e+01
6.681277486910990149e+01
6.763920758443609316e+01
7.062793376818859770e+01
7.087605427135599712e+01
7.388676873747489537e+01
7.416122885771540041e+01
7.715793075765169817e+01
7.801806893106889618e+01
8.101477521556040529e+01
8.122323154093089670e+01
8.422593127490000597e+01
8.442805125628099461e+01
9.485677502001600203e+01
9.504922351059569507e+01
1.023719252988046975e+02
1.026420483140412045e+02
1.452187742839969928e+02
1.492513040685219892e+02
1.633399308617233885e+02
1.636080660330160015e+02
1.696587786868888088e+02
1.701012365396248924e+02
1.731179275289379973e+02
1.735760578093305924e+02
1.765887711422844859e+02
1.767352320894030129e+02
1.797299221945129943e+02
1.799540515672395884e+02
1.829547741285510085e+02
1.837812321857479958e+02
1.867699249624812126e+02
1.870160660330159885e+02
1.900147718806327930e+02
1.902852312348659893e+02
1.932839310689309968e+02
1.941600660330159940e+02
1.971487767571879886e+02
1.973332229756680931e+02
2.003259423660261973e+02
2.005360661322644944e+02
2.313367709541907971e+02
2.354192294094013107e+02
2.481639115479115105e+02
2.484320661322639978e+02
2.533967706789505030e+02
2.538412259875669861e+02
2.568559490509489933e+02
2.573140916030533845e+02
2.603127743610219795e+02
2.604572319072370874e+02
2.634519306532662881e+02
2.636760872180449837e+02
2.666927765596969948e+02
2.675192215139439895e+02
2.705099275289380216e+02
2.707560683168316018e+02
2.737687684590600270e+02
2.740412271906949968e+02
2.770359252988039884e+02
2.778820718204488003e+02
2.808787768860349843e+02
2.810872257934913137e+02
2.840879367787250089e+02
2.842920693467330011e+02
3.127367803514370053e+02
3.131952324455199914e+02
3.161899247365699921e+02
3.166380750375179787e+02
3.196347742065086095e+02
3.197792289447230019e+02
3.227759188376753059e+02
3.230000631262519732e+02
3.260007697539500100e+02
3.268432272999399970e+02
3.298399337681885868e+02
3.301260726172465070e+02
3.331227670078259848e+02
3.333792160063699725e+02
3.363699223107499847e+02
3.372060693467336137e+02
3.401987764186885101e+02
3.403952245881880003e+02
3.433959369684841931e+02
3.435980745897559814e+02
